-172.0079956 -13.82999992
-169.9255981 -19.07903099
-159.8059998 -21.20269966
-157.9219971 21.31870079
-157.3500061 1.98616004
-156.0460052 19.73880005
-149.9960022 61.17440033
-147.8560028 64.81510162
-134.576004 58.35499954
-133.3760071 62.20750046
-131.7140045 55.35559845
-123.5 48.12020111
-123.1839981 49.19390106
-122.8730011 42.37419891
-122.810997 48.05379868
-122.5979996 45.58869934
-122.538002 48.7928009
-122.375 37.61899948
-122.3089981 47.44900131
-122.2210007 37.72129822
-121.9290009 37.36259842
-121.5910034 38.69540024
-119.7679977 39.49909973
-119.7653103 57.35528447
-119.7180023 36.77619934
-119.3779984 49.95610046
-119.3199997 47.20769882
-119.0569992 35.43360138
-118.4079971 33.94250107
-117.8679962 33.67570114
-117.6009979 34.05599976
-117.5339966 47.61989975
-117.1900024 32.73360062
-116.5070038 33.82970047
-115.5130005 32.66949844
-115.1520004 36.08010101
-114.6060028 32.65660095
-114.2559967 48.3105011
-114.0910034 46.91630173
-114.0199966 51.11389923
-113.5800018 53.30970001
-112.776001 48.99860001
-112.012001 33.43429947
-111.9779968 48.99860001
-111.9779968 40.78839874
-111.9754143 48.99870485
-111.3710022 47.48199844
-110.9410019 32.11610031
-109.4219971 -27.16480064
-108.5429993 45.80770111
-106.9219971 32.28939819
-106.6999969 52.17079926
-106.6090012 35.04019928
-106.4639969 42.90800095
-106.4629974 52.00059891
-106.3779984 31.80719948
-104.9169998 40.78139877
-104.6729965 39.86169815
-104.6660004 50.43190002
-101.822998 33.66360092
-100.927002 29.37420082
-100.512001 28.85720062
-99.46160126 27.54380035
-98.46980286 29.53370094
-98.23860168 26.17580032
-98.12220001 26.44169998
-98.07530212 36.95890045
-98.02690125 27.74090004
-98.01699829 36.94169998
-97.83370209 37.45560074
-97.66989899 30.19449997
-97.50119781 27.77039909
-97.42590332 25.90679932
-97.23989868 49.90999985
-97.14689636 31.43910027
-97.03800201 32.89680099
-97.03250122 50.0564003
-96.97360229 49.85250092
-96.81580353 46.92070007
-96.71869659 35.4822998
-95.88809967 36.19839859
-95.58719635 30.74690056
-95.36689758 38.56669998
-95.34140015 29.9843998
-95.30909729 38.56000137
-95.3003006 38.69860077
-95.25299835 38.5387001
-95.20819855 38.56140137
-94.71389771 39.29759979
-93.6631012 41.5340004
-93.40309906 48.56620026
-93.14320374 30.2105999
-92.54979706 31.32740021
-92.5 43.90829849
-92.19360352 46.84209824
-91.49849701 42.49330139
-90.50749969 41.44850159
-90.25800323 29.99340057
-90.07589722 32.31119919
-89.97669983 35.04240036
-89.69329834 40.66419983
-89.09719849 42.19540024
-89.07009888 30.40730095
-88.96260071 43.99160004
-88.79389954 41.39979935
-88.12960052 44.48509979
-88.0039978 42.5367012
-87.90480042 41.97859955
-87.89659882 42.94720078
-87.75240326 41.7859993
-87.395401 46.35359955
-87.31860352 30.35269928
-87.18659973 30.47340012
-86.77510071 34.6371994
-86.75350189 33.56290054
-86.67819977 36.12450027
-86.29440308 39.71730042
-85.96250153 35.38759995
-85.95359802 35.51589966
-85.7973 30.3417
-85.73600006 38.17440033
-85.63749695 40.23249817
-85.55210114 42.23490143
-85.52279663 42.88079834
-85.19509888 40.97850037
-85.13639832 39.19860077
-84.6678009 39.04880142
-84.58740234 42.77870178
-84.47239685 46.25080109
-84.2193985 39.90240097
-84.08630371 41.07030106
-84.07959747 43.53290176
-84.03079987 42.19499969
-83.98200226 41.03559875
-83.80780029 41.58679962
-83.74359894 42.9654007
-83.73609924 37.11719894
-83.44090462 22.27206031
-83.42009735 42.66550064
-83.35340118 42.21239853
-82.92780304 39.81380081
-82.89189911 39.9980011
-82.68740082 27.91020012
-82.55439758 27.39539909
-82.53320313 27.97550011
-82.3164978 28.80859947
-82.21890259 34.89569855
-81.84980011 41.4117012
-81.81569672 41.04449844
-81.76830292 33.16249847
-81.76830292 33.16249847
-81.75959778 24.55610085
-81.75520325 26.53619957
-81.68789673 30.49410057
-81.54859924 42.82419968
-81.46690369 41.03749847
-81.33529663 44.4939003
-81.30899811 28.42939949
-81.20210266 32.12760162
-81.05809784 29.17989922
-80.94309998 35.2140007
-80.64530182 28.10280037
-80.29060364 25.79319954
-80.23290253 40.49150085
-80.17386675 42.08312701
-80.15270233 26.07259941
-80.09559631 26.68320084
-80.04049683 32.89860153
-79.93730164 36.09780121
-79.93499756 43.17359924
-79.04969788 36.78430176
-78.94619751 43.1072998
-78.92829895 33.67969894
-78.80965233 22.17953672
-78.78749847 35.87760162
-78.73220062 42.94049835
-78.31767082 21.05847037
-77.90260315 34.27059937
-77.67240143 43.1189003
-77.44920349 38.26679993
-77.31970215 37.50519943
-77.03769684 38.85210037
-76.86699677 38.81079865
-76.76339722 40.19350052
-76.66829681 39.17539978
-76.49299622 37.13190079
-76.20120239 36.89459991
-76.02220154 45.31919861
-76.021698 43.9919014
-75.97979736 42.20869827
-75.7233963 41.33850098
-75.66919708 45.32249832
-75.64610291 45.46030045
-75.46549988 44.68190002
-75.44080353 40.65209961
-75.29694366 45.39166641
-75.2410965 39.87189865
-75.17150402 45.29967505
-74.84559631 44.93579865
-74.79499817 41.70159912
-74.57720184 39.45759964
-74.24539948 42.99729919
-74.18430328 43.03760147
-74.16870117 40.69250107
-74.15100098 43.03290176
-74.13610077 42.99169922
-74.10479736 41.5041008
-73.867222 9.839444
-73.80169678 42.74829865
-73.505402 7.38322
-73.4681015 44.65090179
-73.15329742 44.47190094
-72.91079712 43.27780151
-72.68319702 41.93889999
-71.64170074 42.36759949
-71.43569946 42.93259811
-71.42040253 41.73260117
-71.39330292 46.79109955
-71.17590332 44.57540131
-70.82330322 43.07789993
-70.30930328 43.64619827
-69.33300018 -11.68299961
-68.7519989 8.32888031
-67.792099 46.12310028
-67.56469727 46.45940018
-64.6785965 46.11220169
-64.623611 -9.288611
-63.90230179 -8.709289551
-63.85805511 -8.793610573
-63.50859833 44.88079834
-60.04970169 -3.038609982
-58.5358 -34.8222
-55.875 -7.012777805
-54.67250061 -20.46870041
-54.48500061 -25.60027885
-52.75189972 47.61859894
-52.13169861 4.314720154
-51.29999924 -23.5
-51.18583298 -23.21416664
-51.17139816 -29.99440002
-51.13010025 -23.33359909
-49.22069931 -16.63199997
-48.65140152 -26.87999916
-48.55250168 -27.67027855
-48.47629929 -1.37925005
-47.42219925 -19.89310074
-47.1344986 -23.00740051
-46.65638733 -23.62611008
-43.9719429 -19.62444305
-43.1631012 -22.91049957
-40.56909943 -9.362409592
-40.2863884 -20.25805664
-39.27009964 -7.218959808
-39.08089828 -16.43860054
-39.03319931 -14.81599998
-38.61694336 -3.809443951
-38.5326004 -3.776279926
-38.32249832 -12.9086113
-37.08309937 -10.90330029
-37.07030106 -10.98400021
-35.79169846 -9.510809898
-35.24769974 -5.911419868
-34.92359924 -8.126489639
-34.89279938 -8.094169617
-27.09079933 38.76179886
-25.69790077 37.74119949
-18.0727005 65.66000366
-17.75559998 28.62649918
-16.77449989 32.69789886
-16.35000038 33.07339859
-15.38659954 27.93190002
-13.86380005 28.45269966
-13.60519981 28.94549942
-9.523779869 52.18090057
-9.135919571 38.78129959
-8.924819946 52.70199966
-8.818490028 53.91030121
-8.491109848 51.84130096
-8.415140152 42.89630127
-7.965909958 37.01440048
-7.277219772 62.06359863
-6.270070076 53.42129898
-6.215829849 54.65750122
-6.034619808 43.56359863
-5.872499943 54.61809921
-5.34965992 36.15119934
-4.995409966 50.44060135
-4.851940155 41.70610046
-4.586669922 55.50939941
-4.433060169 55.87189865
-4.418540001 48.44789886
-4.047500134 57.54249954
-3.820009947 43.42710114
-3.777359962 37.18870163
-3.413889885 50.7344017
-3.372499943 55.95000076
-3.372220039 56.43920135
-3.343329906 51.39670181
-2.849720001 53.33359909
-2.601969957 49.43500137
-2.274950027 53.35369873
-2.195509911 49.207901
-2.148890018 53.33810043
-1.842499971 50.77999878
-1.748029947 52.45389938
-1.691669941 55.03749847
-1.660570025 53.86589813
-1.610730052 47.15319824
-1.429409981 54.50920105
-1.35679996 50.95029831
-1.328060031 52.83110046
-1.195279956 46.17919922
-1.04155004 41.66619873
-1.010656357 53.48053781
-0.558156013 38.28219986
-0.481624991 39.48929977
-0.41861099 43.38000107
-0.368333012 51.87469864
-0.316666991 42.0760994
0.055277999 51.50529861
0.503332973 51.35189819
0.535023 41.728185
0.695555985 51.57139969
1.167170048 41.1473999
1.282780051 52.67580032
1.363819957 43.6291008
1.37311995 38.8728981
2.112780094 49.45439911
2.306319952 43.2159996
2.359440088 48.72529984
2.738810062 39.55170059
3.433000088 11.88300037
3.963010073 43.57619858
4.218649864 39.86259842
4.453820229 50.45920181
4.48443985 50.90140152
5.208360195 59.34529877
5.218140125 60.29339981
5.221424103 43.43927192
5.374529839 51.45009995
5.63778019 58.87670135
5.770140171 50.9117012
7.142739773 50.86589813
7.215869904 43.65840149
7.26388979 49.94869995
7.497149944 46.91410065
7.529910088 47.58959961
7.612239838 51.5182991
7.623219967 44.54700089
7.64963007 45.20080185
8.080499649 48.77939987
8.080499649 48.77939987
8.290769577 40.63209915
8.572777748 53.50694275
8.728110313 45.63059998
8.837499619 44.41329956
9.054280281 39.25149918
9.151780128 55.74029922
9.221960068 48.68989944
9.511489868 47.67129898
9.560770035 47.48500061
9.685079575 52.46110153
9.704170227 45.6739006
9.849243164 57.09275891
9.988229752 53.63040161
10.23950005 47.98880005
10.25860024 59.18669891
10.33059978 45.42890167
10.3927002 43.68389893
10.61900043 56.29999924
10.78559971 59.37889862
10.78559971 59.37889862
10.88850021 45.39569855
11.06690025 49.49869919
11.2887001 44.53540039
11.34399986 47.2602005
11.78610039 48.35380173
11.87040043 57.77470016
12.24160004 51.43239975
12.27980042 57.66279984
12.3519001 45.50529861
12.48799992 37.91139984
12.51319981 43.09590149
12.59490013 41.79940033
12.61170006 44.02030182
12.91499996 50.20299911
13.00430012 47.79330063
13.0909996 38.17599869
13.2876997 52.55970001
13.36229992 43.61629868
13.47220039 45.82749939
13.52250004 52.38000107
13.52250004 52.38000107
13.61499977 45.47340012
13.9222002 44.89350128
14.18109989 42.43170166
14.1875 48.23320007
14.29080009 40.88600159
14.33769989 46.64250183
14.45759964 46.22370148
14.4775 35.857498
14.5703001 45.21689987
14.90219975 53.58470154
15.06639957 37.46680069
15.34669971 44.10829926
15.43959999 46.99110031
15.73859978 50.01340103
16.06879997 45.74290085
16.24230003 38.90539932
16.25060081 58.5862999
16.29800034 43.53889847
16.56970024 48.11029816
16.63360023 59.58940125
16.76059914 41.13890076
16.88579941 51.10269928
16.91220093 58.78860092
17.15909958 46.68640137
17.21269989 48.17020035
17.29750061 44.94139862
17.84589958 43.28290176
17.9470005 40.6576004
17.97769928 53.09680176
18.26819992 42.56140137
18.3314991 43.82460022
18.34620094 57.66279984
18.6135006 49.23149872
18.72330093 42.40470123
18.72480011 44.45869827
18.91889954 69.6832962
19.25189972 42.3594017
19.25559998 47.43690109
19.78479958 50.07770157
19.78479958 50.07770157
19.89819908 60.12220001
19.9116993 39.60189819
20.3090992 44.81840134
20.65180016 52.4510994
20.74230003 41.18000031
20.96710014 52.16569901
21.24110031 48.6631012
21.5442009 57.35779953
21.61529922 47.48889923
21.62140083 41.96160126
21.7621994 63.05070114
22.0189991 50.11000061
22.02549934 37.06829834
22.26280022 60.51409912
22.48870087 40.65110016
22.97089958 40.5196991
22.97089958 40.5196991
23.41143608 42.69669342
23.50370026 39.17710114
23.50370026 39.17710114
23.60440063 61.41410065
23.68619919 46.78519821
23.97109985 56.92359924
23.97820091 -31.42350006
24.06669998 -32.46670151
24.09129906 45.78559875
24.14970016 35.53170013
24.68610001 48.88420105
24.83279991 59.41329956
24.84679985 67.7009964
24.85079956 42.06779861
25.18029976 35.33969879
25.28580093 54.63410187
25.34810066 37.43510056
25.34810066 37.43510056
25.35460091 64.93009949
25.47929955 36.39920044
25.83040047 66.56479645
26.59830093 39.05670166
26.88220024 -31.92020035
26.9116993 37.68999863
26.9116993 37.68999863
27.0916996 36.79330063
27.14599991 35.42139816
27.51519966 42.56959915
27.66430092 37.25059891
27.79780006 63.00709915
27.82509995 43.23210144
28.14439964 61.04460144
28.48830032 44.36220169
29.30920029 40.89860153
29.56259918 40.25519943
29.9769001 -27.77059937
30.34959984 55.12649918
30.4496994 50.40169907
30.67650032 46.42679977
30.80050087 36.89870071
31.01670074 52.52700043
31.9197998 47.05789948
32.4856987 34.7179985
32.56190109 37.97900009
32.66699982 -18.16699982
33.20999908 48.04330063
33.62490082 34.87509918
34.06299973 44.91999817
34.53450012 38.77190018
35.1006012 48.35720062
35.28039932 36.98220062
35.31570053 47.86700058
35.49539948 38.770401
36.26890182 50.02500153
36.56710052 41.25450134
37.26150131 55.59149933
37.41460037 55.97259903
37.47869873 36.94720078
38.0909996 38.43529892
39.17050171 45.03469849
39.78969955 40.99509811
40.71670151 64.60030365
41.59970093 41.61029816
44.95470047 41.6692009
49.13330078 55.86669922
50.04669952 40.46749878
55.87440109 54.55749893
69.28119659 41.25790024
72.63469696 23.07719994
72.86789703 19.08869934
73.83139801 15.38080025
73.91970062 18.58209991
74.77420044 33.98709869
74.79730225 31.70960045
74.89009857 12.9612999
75.81220245 26.82419968
75.95529938 11.13679981
76.27310181 9.947389603
76.40190125 10.15200043
77.04340363 11.02999973
77.10310364 28.56649971
77.33740234 23.28750038
78.09339905 9.83450985
78.42985535 17.23131752
78.70970154 10.76539993
79.04720306 21.09219933
80.16929626 12.99000549
80.88929749 26.76059914
82.65070343 55.01259995
82.85929871 25.45240021
83.22450256 17.72120094
84.95120239 24.74430084
85.81780243 20.24440002
87.47419739 43.90710068
88.32859802 26.68120003
88.44670105 22.65469933
90.91190338 29.29780006
91.58589935 26.10610008
93.896698 24.76000023
102.7440033 24.99239922
103.9469986 30.57850075
105.6900024 -10.45059967
106.6419983 29.71920013
106.8010025 26.53849983
108.1719971 22.60829926
108.7519989 34.44710159
109.4120026 18.30290031
110.0390015 25.21809959
113.2200012 28.18919945
113.2990036 23.39240074
113.810997 22.63929939
113.8410034 34.5196991
114.2080002 30.78380013
115.8678665 -31.96122932
115.8809967 -32.09749985
115.9670029 -31.94029999
116.1259995 39.75780106
116.2570038 39.96080017
116.3880005 39.78279877
116.5849991 40.08010101
116.7083359 39.81111145
117.2979965 31.78000069
118.6259995 -20.37779999
118.8619995 31.74200058
119.663002 25.93510056
120.3499985 22.57710075
120.3740005 36.26610184
121.1019974 22.75499916
121.3359985 31.19790077
121.3720016 37.40169907
121.461998 29.82670021
121.5390015 38.96569824
121.552002 25.06940079
121.7610016 39.28950119
121.8050003 31.14340019
123.2990036 41.82249832
123.439003 41.87080002
123.4960022 41.78440094
125.5279999 3.683209896
125.6849976 43.99620056
126.382814 34.991406
126.4929962 33.51129913
126.5275 45.666
126.7 45.66
126.7910004 37.55830002
127.4990005 36.71659851
127.6460037 26.19580078
128.6589966 35.89410019
128.6690063 38.06129837
128.9380035 35.17950058
129.5690002 44.52410126
129.7709961 62.09329987
129.9140015 32.91690063
130.451004 33.58589935
130.7189941 31.80340004
130.8549957 32.83729935
130.8769989 -12.41469955
131.0350037 33.84590149
131.279007 33.93000031
131.4490051 31.87719917
131.7369995 33.47940063
132.6999969 33.82720184
132.9190063 34.43610001
133.1150055 42.95999908
134.0160065 34.21419907
135.2440033 34.4272995
135.4380035 34.78549957
135.6029968 34.59629822
136.8049927 34.85839844
138.0829926 9.49890995
138.5310059 -34.94499969
138.6210022 -34.70249939
138.6329956 -34.79330063
139.1210022 37.95589828
139.7799988 35.5522995
140.2189941 39.61560059
140.3710022 38.41189957
140.3860016 35.76470184
140.8220062 41.77000046
140.9170074 38.13970184
141.6920013 42.77519989
141.8009949 45.40420151
143.2169952 42.73329926
144.1929932 43.04100037
144.7960052 13.48340034
144.8430023 -37.6733017
145.2429962 14.17430019
145.7550049 -16.88579941
146.7649994 -19.25250053
147.2200012 -9.443380356
151.177002 -33.94609833
151.8339996 -32.79499817
151.8430023 7.461870193
153.0079956 -27.57029915
153.1170044 -27.38419914
153.5050049 -28.1644001
158.2089996 6.985099792
160.0549927 -9.42800045
166.2129974 -22.01460075
166.919006 -0.547458
167.7319946 8.72012043
168.3200073 -17.69930077
171.2720032 7.064760208
173.1470032 1.381639957
177.4429932 -17.7553997
178.5590057 -18.04330063
179.195999 -8.525
